(kicad_pcb (version 4) (host pcbnew 4.0.6)

  (general
    (links 422)
    (no_connects 116)
    (area 51.359999 22.518299 150.138901 110.681001)
    (thickness 1.6)
    (drawings 8)
    (tracks 1749)
    (zones 0)
    (modules 167)
    (nets 186)
  )

  (page A4)
  (layers
    (0 F.Cu signal)
    (31 B.Cu signal)
    (32 B.Adhes user)
    (33 F.Adhes user)
    (34 B.Paste user)
    (35 F.Paste user)
    (36 B.SilkS user)
    (37 F.SilkS user)
    (38 B.Mask user)
    (39 F.Mask user)
    (40 Dwgs.User user)
    (41 Cmts.User user)
    (42 Eco1.User user)
    (43 Eco2.User user)
    (44 Edge.Cuts user)
    (45 Margin user)
    (46 B.CrtYd user)
    (47 F.CrtYd user)
    (48 B.Fab user)
    (49 F.Fab user)
  )

  (setup
    (last_trace_width 0.25)
    (trace_clearance 0.2)
    (zone_clearance 0.508)
    (zone_45_only no)
    (trace_min 0.2)
    (segment_width 0.2)
    (edge_width 0.15)
    (via_size 0.6)
    (via_drill 0.4)
    (via_min_size 0.4)
    (via_min_drill 0.3)
    (uvia_size 0.3)
    (uvia_drill 0.1)
    (uvias_allowed no)
    (uvia_min_size 0.2)
    (uvia_min_drill 0.1)
    (pcb_text_width 0.3)
    (pcb_text_size 1.5 1.5)
    (mod_edge_width 0.15)
    (mod_text_size 1 1)
    (mod_text_width 0.15)
    (pad_size 1.524 1.524)
    (pad_drill 0.762)
    (pad_to_mask_clearance 0.2)
    (aux_axis_origin 0 0)
    (visible_elements 7FFFFF9F)
    (pcbplotparams
      (layerselection 0x00030_80000001)
      (usegerberextensions false)
      (excludeedgelayer true)
      (linewidth 0.100000)
      (plotframeref false)
      (viasonmask false)
      (mode 1)
      (useauxorigin false)
      (hpglpennumber 1)
      (hpglpenspeed 20)
      (hpglpendiameter 15)
      (hpglpenoverlay 2)
      (psnegative false)
      (psa4output false)
      (plotreference true)
      (plotvalue true)
      (plotinvisibletext false)
      (padsonsilk false)
      (subtractmaskfromsilk false)
      (outputformat 1)
      (mirror false)
      (drillshape 1)
      (scaleselection 1)
      (outputdirectory ""))
  )

  (net 0 "")
  (net 1 "Net-(C1-Pad1)")
  (net 2 AVSS)
  (net 3 "Net-(C2-Pad1)")
  (net 4 "Net-(C13-Pad2)")
  (net 5 AVDD)
  (net 6 DVDD)
  (net 7 AGND)
  (net 8 "Net-(C7-Pad1)")
  (net 9 VREFP)
  (net 10 "Net-(C9-Pad1)")
  (net 11 "Net-(C19-Pad1)")
  (net 12 "Net-(C20-Pad1)")
  (net 13 ECG_RL)
  (net 14 ECG_LA)
  (net 15 "Net-(C24-Pad1)")
  (net 16 "Net-(C25-Pad1)")
  (net 17 ECG_V4)
  (net 18 "Net-(C27-Pad2)")
  (net 19 "Net-(C28-Pad1)")
  (net 20 ECG_V5)
  (net 21 ECG_LL)
  (net 22 ECG_V6)
  (net 23 "Net-(C38-Pad1)")
  (net 24 GND)
  (net 25 5V_Supply)
  (net 26 "Net-(C43-Pad1)")
  (net 27 "Net-(C44-Pad1)")
  (net 28 -15V_Supply)
  (net 29 "Net-(C68-Pad2)")
  (net 30 ECG_V2)
  (net 31 ECG_V3)
  (net 32 ECG_RA)
  (net 33 ECG_V1)
  (net 34 "Net-(C80-Pad1)")
  (net 35 "Net-(C82-Pad1)")
  (net 36 "Net-(C84-Pad1)")
  (net 37 "Net-(C86-Pad1)")
  (net 38 "Net-(C88-Pad1)")
  (net 39 "Net-(C91-Pad1)")
  (net 40 "Net-(C92-Pad1)")
  (net 41 "Net-(C93-Pad1)")
  (net 42 ECG_16N)
  (net 43 ECG_12N)
  (net 44 ECG_16P)
  (net 45 ECG_12P)
  (net 46 ECG_15N)
  (net 47 ECG_11N)
  (net 48 ECG_15P)
  (net 49 ECG_11P)
  (net 50 ECG_14N)
  (net 51 ECG_10N)
  (net 52 ECG_14P)
  (net 53 ECG_10P)
  (net 54 ECG_13N)
  (net 55 ECG_9N)
  (net 56 ECG_13P)
  (net 57 ECG_9P)
  (net 58 ECG_8N)
  (net 59 ECG_4N)
  (net 60 ECG_8P)
  (net 61 ECG_4P)
  (net 62 ECG_7N)
  (net 63 ECG_3N)
  (net 64 ECG_7P)
  (net 65 ECG_3P)
  (net 66 ECG_6N)
  (net 67 ECG_2N)
  (net 68 ECG_6P)
  (net 69 ECG_2P)
  (net 70 ECG_5N)
  (net 71 ECG_1N)
  (net 72 ECG_5P)
  (net 73 ECG_1P)
  (net 74 "Net-(J3-Pad1)")
  (net 75 "Net-(J3-Pad2)")
  (net 76 "Net-(J3-Pad3)")
  (net 77 "Net-(J3-Pad5)")
  (net 78 "Net-(J3-Pad6)")
  (net 79 "Net-(J3-Pad7)")
  (net 80 "Net-(J3-Pad8)")
  (net 81 SPI_DRDY2)
  (net 82 "Net-(J3-Pad10)")
  (net 83 "Net-(J3-Pad11)")
  (net 84 "Net-(J3-Pad12)")
  (net 85 SPI_CLK)
  (net 86 "Net-(J3-Pad14)")
  (net 87 EXT_CLK)
  (net 88 "Net-(J3-Pad16)")
  (net 89 "Net-(J3-Pad17)")
  (net 90 "Net-(J3-Pad18)")
  (net 91 "Net-(J3-Pad19)")
  (net 92 "Net-(J3-Pad20)")
  (net 93 SPI_START)
  (net 94 /RESET)
  (net 95 I/O_6)
  (net 96 SPI_DRDY1)
  (net 97 I/O_7)
  (net 98 SPI_CS1)
  (net 99 I/O_8)
  (net 100 I/O_1)
  (net 101 "Net-(J5-Pad10)")
  (net 102 I/O_2)
  (net 103 SPI_IN)
  (net 104 I/O_3)
  (net 105 SPI_OUT)
  (net 106 I/O_4)
  (net 107 I/O_5)
  (net 108 "Net-(J5-Pad19)")
  (net 109 SPI_CS2)
  (net 110 /ADC1298_ECG_FE/ELEC_V2)
  (net 111 /ADC1298_ECG_FE/ELEC_V3)
  (net 112 /ADC1298_ECG_FE/ELEC_V4)
  (net 113 /ADC1298_ECG_FE/ELEC_V5)
  (net 114 /ADC1298_ECG_FE/ELEC_V6)
  (net 115 /ADC1298_ECG_FE/ELEC_SHD)
  (net 116 "Net-(J6-Pad7)")
  (net 117 "Net-(J6-Pad8)")
  (net 118 /ADC1298_ECG_FE/ELEC_RA)
  (net 119 /ADC1298_ECG_FE/ELEC_LA)
  (net 120 /ADC1298_ECG_FE/ELEC_LL)
  (net 121 /ADC1298_ECG_FE/ELEC_V1)
  (net 122 "Net-(J6-Pad13)")
  (net 123 /ADC1298_ECG_FE/ELEC_RL)
  (net 124 "Net-(J6-Pad15)")
  (net 125 PACEOUT21)
  (net 126 PACEOUT22)
  (net 127 PACEOUT11)
  (net 128 PACEOUT12)
  (net 129 GPIO13)
  (net 130 GPIO22)
  (net 131 GPIO14)
  (net 132 /PWDN)
  (net 133 GPIO24)
  (net 134 GPIO23)
  (net 135 GPIO11)
  (net 136 GPIO12)
  (net 137 DAISY_IN)
  (net 138 GPIO21)
  (net 139 "Net-(JP1-Pad2)")
  (net 140 ECG_SHD_DRV)
  (net 141 /WCT)
  (net 142 "Net-(JP17-Pad2)")
  (net 143 "Net-(JP18-Pad1)")
  (net 144 /CLK)
  (net 145 "Net-(JP19-Pad2)")
  (net 146 CLKSEL)
  (net 147 "Net-(JP30-Pad2)")
  (net 148 "Net-(JP30-Pad4)")
  (net 149 "Net-(JP31-Pad2)")
  (net 150 "Net-(JP31-Pad4)")
  (net 151 "Net-(JP32-Pad2)")
  (net 152 "Net-(JP32-Pad4)")
  (net 153 "Net-(JP33-Pad2)")
  (net 154 "Net-(JP33-Pad4)")
  (net 155 "Net-(JP34-Pad2)")
  (net 156 "Net-(JP34-Pad4)")
  (net 157 "Net-(JP35-Pad2)")
  (net 158 "Net-(JP35-Pad4)")
  (net 159 "Net-(JP36-Pad2)")
  (net 160 "Net-(JP36-Pad4)")
  (net 161 "Net-(JP37-Pad2)")
  (net 162 "Net-(JP37-Pad4)")
  (net 163 "Net-(PSK1-Pad9)")
  (net 164 "Net-(PSK1-Pad10)")
  (net 165 3.3V_Supply)
  (net 166 15V_Supply)
  (net 167 "Net-(PSK4-Pad1)")
  (net 168 "Net-(R1-Pad2)")
  (net 169 "Net-(R3-Pad2)")
  (net 170 "Net-(R4-Pad1)")
  (net 171 "Net-(R5-Pad2)")
  (net 172 "Net-(U18-Pad64)")
  (net 173 "Net-(U18-Pad63)")
  (net 174 "Net-(U18-Pad62)")
  (net 175 "Net-(U18-Pad60)")
  (net 176 "Net-(U18-Pad43)")
  (net 177 "Net-(U18-Pad27)")
  (net 178 "Net-(U18-Pad29)")
  (net 179 "Net-(U20-Pad27)")
  (net 180 "Net-(U20-Pad29)")
  (net 181 "Net-(J7-Pad11)")
  (net 182 "Net-(J7-Pad13)")
  (net 183 "Net-(C34-Pad2)")
  (net 184 "Net-(J7-Pad8)")
  (net 185 "Net-(JP16-Pad2)")

  (net_class Default "Dies ist die voreingestellte Netzklasse."
    (clearance 0.2)
    (trace_width 0.25)
    (via_dia 0.6)
    (via_drill 0.4)
    (uvia_dia 0.3)
    (uvia_drill 0.1)
    (add_net -15V_Supply)
    (add_net /ADC1298_ECG_FE/ELEC_LA)
    (add_net /ADC1298_ECG_FE/ELEC_LL)
    (add_net /ADC1298_ECG_FE/ELEC_RA)
    (add_net /ADC1298_ECG_FE/ELEC_RL)
    (add_net /ADC1298_ECG_FE/ELEC_SHD)
    (add_net /ADC1298_ECG_FE/ELEC_V1)
    (add_net /ADC1298_ECG_FE/ELEC_V2)
    (add_net /ADC1298_ECG_FE/ELEC_V3)
    (add_net /ADC1298_ECG_FE/ELEC_V4)
    (add_net /ADC1298_ECG_FE/ELEC_V5)
    (add_net /ADC1298_ECG_FE/ELEC_V6)
    (add_net /CLK)
    (add_net /PWDN)
    (add_net /RESET)
    (add_net /WCT)
    (add_net 15V_Supply)
    (add_net 3.3V_Supply)
    (add_net 5V_Supply)
    (add_net AGND)
    (add_net AVDD)
    (add_net AVSS)
    (add_net CLKSEL)
    (add_net DAISY_IN)
    (add_net DVDD)
    (add_net ECG_10N)
    (add_net ECG_10P)
    (add_net ECG_11N)
    (add_net ECG_11P)
    (add_net ECG_12N)
    (add_net ECG_12P)
    (add_net ECG_13N)
    (add_net ECG_13P)
    (add_net ECG_14N)
    (add_net ECG_14P)
    (add_net ECG_15N)
    (add_net ECG_15P)
    (add_net ECG_16N)
    (add_net ECG_16P)
    (add_net ECG_1N)
    (add_net ECG_1P)
    (add_net ECG_2N)
    (add_net ECG_2P)
    (add_net ECG_3N)
    (add_net ECG_3P)
    (add_net ECG_4N)
    (add_net ECG_4P)
    (add_net ECG_5N)
    (add_net ECG_5P)
    (add_net ECG_6N)
    (add_net ECG_6P)
    (add_net ECG_7N)
    (add_net ECG_7P)
    (add_net ECG_8N)
    (add_net ECG_8P)
    (add_net ECG_9N)
    (add_net ECG_9P)
    (add_net ECG_LA)
    (add_net ECG_LL)
    (add_net ECG_RA)
    (add_net ECG_RL)
    (add_net ECG_SHD_DRV)
    (add_net ECG_V1)
    (add_net ECG_V2)
    (add_net ECG_V3)
    (add_net ECG_V4)
    (add_net ECG_V5)
    (add_net ECG_V6)
    (add_net EXT_CLK)
    (add_net GND)
    (add_net GPIO11)
    (add_net GPIO12)
    (add_net GPIO13)
    (add_net GPIO14)
    (add_net GPIO21)
    (add_net GPIO22)
    (add_net GPIO23)
    (add_net GPIO24)
    (add_net I/O_1)
    (add_net I/O_2)
    (add_net I/O_3)
    (add_net I/O_4)
    (add_net I/O_5)
    (add_net I/O_6)
    (add_net I/O_7)
    (add_net I/O_8)
    (add_net "Net-(C1-Pad1)")
    (add_net "Net-(C13-Pad2)")
    (add_net "Net-(C19-Pad1)")
    (add_net "Net-(C2-Pad1)")
    (add_net "Net-(C20-Pad1)")
    (add_net "Net-(C24-Pad1)")
    (add_net "Net-(C25-Pad1)")
    (add_net "Net-(C27-Pad2)")
    (add_net "Net-(C28-Pad1)")
    (add_net "Net-(C34-Pad2)")
    (add_net "Net-(C38-Pad1)")
    (add_net "Net-(C43-Pad1)")
    (add_net "Net-(C44-Pad1)")
    (add_net "Net-(C68-Pad2)")
    (add_net "Net-(C7-Pad1)")
    (add_net "Net-(C80-Pad1)")
    (add_net "Net-(C82-Pad1)")
    (add_net "Net-(C84-Pad1)")
    (add_net "Net-(C86-Pad1)")
    (add_net "Net-(C88-Pad1)")
    (add_net "Net-(C9-Pad1)")
    (add_net "Net-(C91-Pad1)")
    (add_net "Net-(C92-Pad1)")
    (add_net "Net-(C93-Pad1)")
    (add_net "Net-(J3-Pad1)")
    (add_net "Net-(J3-Pad10)")
    (add_net "Net-(J3-Pad11)")
    (add_net "Net-(J3-Pad12)")
    (add_net "Net-(J3-Pad14)")
    (add_net "Net-(J3-Pad16)")
    (add_net "Net-(J3-Pad17)")
    (add_net "Net-(J3-Pad18)")
    (add_net "Net-(J3-Pad19)")
    (add_net "Net-(J3-Pad2)")
    (add_net "Net-(J3-Pad20)")
    (add_net "Net-(J3-Pad3)")
    (add_net "Net-(J3-Pad5)")
    (add_net "Net-(J3-Pad6)")
    (add_net "Net-(J3-Pad7)")
    (add_net "Net-(J3-Pad8)")
    (add_net "Net-(J5-Pad10)")
    (add_net "Net-(J5-Pad19)")
    (add_net "Net-(J6-Pad13)")
    (add_net "Net-(J6-Pad15)")
    (add_net "Net-(J6-Pad7)")
    (add_net "Net-(J6-Pad8)")
    (add_net "Net-(J7-Pad11)")
    (add_net "Net-(J7-Pad13)")
    (add_net "Net-(J7-Pad8)")
    (add_net "Net-(JP1-Pad2)")
    (add_net "Net-(JP16-Pad2)")
    (add_net "Net-(JP17-Pad2)")
    (add_net "Net-(JP18-Pad1)")
    (add_net "Net-(JP19-Pad2)")
    (add_net "Net-(JP30-Pad2)")
    (add_net "Net-(JP30-Pad4)")
    (add_net "Net-(JP31-Pad2)")
    (add_net "Net-(JP31-Pad4)")
    (add_net "Net-(JP32-Pad2)")
    (add_net "Net-(JP32-Pad4)")
    (add_net "Net-(JP33-Pad2)")
    (add_net "Net-(JP33-Pad4)")
    (add_net "Net-(JP34-Pad2)")
    (add_net "Net-(JP34-Pad4)")
    (add_net "Net-(JP35-Pad2)")
    (add_net "Net-(JP35-Pad4)")
    (add_net "Net-(JP36-Pad2)")
    (add_net "Net-(JP36-Pad4)")
    (add_net "Net-(JP37-Pad2)")
    (add_net "Net-(JP37-Pad4)")
    (add_net "Net-(PSK1-Pad10)")
    (add_net "Net-(PSK1-Pad9)")
    (add_net "Net-(PSK4-Pad1)")
    (add_net "Net-(R1-Pad2)")
    (add_net "Net-(R3-Pad2)")
    (add_net "Net-(R4-Pad1)")
    (add_net "Net-(R5-Pad2)")
    (add_net "Net-(U18-Pad27)")
    (add_net "Net-(U18-Pad29)")
    (add_net "Net-(U18-Pad43)")
    (add_net "Net-(U18-Pad60)")
    (add_net "Net-(U18-Pad62)")
    (add_net "Net-(U18-Pad63)")
    (add_net "Net-(U18-Pad64)")
    (add_net "Net-(U20-Pad27)")
    (add_net "Net-(U20-Pad29)")
    (add_net PACEOUT11)
    (add_net PACEOUT12)
    (add_net PACEOUT21)
    (add_net PACEOUT22)
    (add_net SPI_CLK)
    (add_net SPI_CS1)
    (add_net SPI_CS2)
    (add_net SPI_DRDY1)
    (add_net SPI_DRDY2)
    (add_net SPI_IN)
    (add_net SPI_OUT)
    (add_net SPI_START)
    (add_net VREFP)
  )

  (module Jumper:jumper1x3 (layer F.Cu) (tedit 594B9117) (tstamp 594FC3E9)
    (at 95.1865 24.4475 180)
    (path /595092D3)
    (fp_text reference JP16 (at 0 2.794 180) (layer F.SilkS)
      (effects (font (size 1 1) (thickness 0.15)))
    )
    (fp_text value Jumper_NC_Dual (at 0 -2.54 180) (layer F.Fab)
      (effects (font (size 1 1) (thickness 0.15)))
    )
    (fp_line (start -3.81 -1.27) (end 3.81 -1.27) (layer F.SilkS) (width 0.15))
    (fp_line (start -3.81 -1.27) (end -3.81 1.27) (layer F.SilkS) (width 0.15))
    (fp_line (start 3.81 -1.27) (end -3.81 -1.27) (layer F.SilkS) (width 0.15))
    (fp_line (start 3.81 -1.27) (end 3.81 1.27) (layer F.SilkS) (width 0.15))
    (fp_line (start -3.81 -1.27) (end 3.81 -1.27) (layer F.SilkS) (width 0.15))
    (fp_line (start 3.81 1.27) (end -3.81 1.27) (layer F.SilkS) (width 0.15))
    (fp_line (start -3.81 1.27) (end 3.81 1.27) (layer F.SilkS) (width 0.15))
    (pad 1 thru_hole circle (at -2.54 0 180) (size 1 1) (drill 0.8) (layers *.Cu *.Mask)
      (net 141 /WCT))
    (pad 2 thru_hole circle (at 0 0 180) (size 1 1) (drill 0.8) (layers *.Cu *.Mask)
      (net 185 "Net-(JP16-Pad2)"))
    (pad 3 thru_hole circle (at 2.54 0 180) (size 1 1) (drill 0.8) (layers *.Cu *.Mask)
      (net 7 AGND))
  )

  (module Jumper:Jumper2x2 (layer F.Cu) (tedit 594D38F1) (tstamp 594BF563)
    (at 99.1743 34.2773)
    (path /5921D0B9)
    (fp_text reference JP23 (at -1.778 3.937) (layer F.SilkS)
      (effects (font (size 1 1) (thickness 0.15)))
    )
    (fp_text value JP2x2 (at 0 -4.064) (layer F.Fab) hide
      (effects (font (size 1 1) (thickness 0.15)))
    )
    (fp_line (start 2.54 -2.54) (end -2.54 -2.54) (layer F.SilkS) (width 0.15))
    (fp_line (start 2.54 2.54) (end 2.54 -2.54) (layer F.SilkS) (width 0.15))
    (fp_line (start -2.54 -2.54) (end -2.54 2.54) (layer F.SilkS) (width 0.15))
    (fp_line (start 2.54 -2.54) (end -2.54 -2.54) (layer F.SilkS) (width 0.15))
    (fp_line (start -2.54 2.54) (end 2.54 2.54) (layer F.SilkS) (width 0.15))
    (pad 2 thru_hole circle (at 1.27 -1.27) (size 1 1) (drill 0.8) (layers *.Cu *.Mask)
      (net 62 ECG_7N))
    (pad 4 thru_hole circle (at 1.27 1.27) (size 1 1) (drill 0.8) (layers *.Cu *.Mask)
      (net 64 ECG_7P))
    (pad 3 thru_hole circle (at -1.27 1.27) (size 1 1) (drill 0.8) (layers *.Cu *.Mask)
      (net 20 ECG_V5))
    (pad 1 thru_hole circle (at -1.27 -1.27) (size 1 1) (drill 0.8) (layers *.Cu *.Mask)
      (net 185 "Net-(JP16-Pad2)"))
  )

  (module Capacitors_SMD:C_1206_HandSoldering (layer B.Cu) (tedit 58AA84D1) (tstamp 594BB8FA)
    (at 76.4794 55.7784 180)
    (descr "Capacitor SMD 1206, hand soldering")
    (tags "capacitor 1206")
    (path /59470E15/59455A7A)
    (attr smd)
    (fp_text reference C30 (at 0 1.75 180) (layer B.SilkS)
      (effects (font (size 1 1) (thickness 0.15)) (justify mirror))
    )
    (fp_text value 47pF (at 0 -2 180) (layer B.Fab)
      (effects (font (size 1 1) (thickness 0.15)) (justify mirror))
    )
    (fp_text user %R (at 0 1.75 180) (layer B.Fab)
      (effects (font (size 1 1) (thickness 0.15)) (justify mirror))
    )
    (fp_line (start -1.6 -0.8) (end -1.6 0.8) (layer B.Fab) (width 0.1))
    (fp_line (start 1.6 -0.8) (end -1.6 -0.8) (layer B.Fab) (width 0.1))
    (fp_line (start 1.6 0.8) (end 1.6 -0.8) (layer B.Fab) (width 0.1))
    (fp_line (start -1.6 0.8) (end 1.6 0.8) (layer B.Fab) (width 0.1))
    (fp_line (start 1 1.02) (end -1 1.02) (layer B.SilkS) (width 0.12))
    (fp_line (start -1 -1.02) (end 1 -1.02) (layer B.SilkS) (width 0.12))
    (fp_line (start -3.25 1.05) (end 3.25 1.05) (layer B.CrtYd) (width 0.05))
    (fp_line (start -3.25 1.05) (end -3.25 -1.05) (layer B.CrtYd) (width 0.05))
    (fp_line (start 3.25 -1.05) (end 3.25 1.05) (layer B.CrtYd) (width 0.05))
    (fp_line (start 3.25 -1.05) (end -3.25 -1.05) (layer B.CrtYd) (width 0.05))
    (pad 1 smd rect (at -2 0 180) (size 2 1.6) (layers B.Cu B.Paste B.Mask)
      (net 21 ECG_LL))
    (pad 2 smd rect (at 2 0 180) (size 2 1.6) (layers B.Cu B.Paste B.Mask)
      (net 7 AGND))
    (model Capacitors_SMD.3dshapes/C_1206.wrl
      (at (xyz 0 0 0))
      (scale (xyz 1 1 1))
      (rotate (xyz 0 0 0))
    )
  )

  (module Jumper:Jumper2x2 (layer F.Cu) (tedit 594D38CD) (tstamp 594BF58A)
    (at 98.9965 49.8602)
    (path /5921D1AA)
    (fp_text reference JP26 (at -2.032 3.81) (layer F.SilkS)
      (effects (font (size 1 1) (thickness 0.15)))
    )
    (fp_text value JP2x2 (at 0 -4.064) (layer F.Fab) hide
      (effects (font (size 1 1) (thickness 0.15)))
    )
    (fp_line (start 2.54 -2.54) (end -2.54 -2.54) (layer F.SilkS) (width 0.15))
    (fp_line (start 2.54 2.54) (end 2.54 -2.54) (layer F.SilkS) (width 0.15))
    (fp_line (start -2.54 -2.54) (end -2.54 2.54) (layer F.SilkS) (width 0.15))
    (fp_line (start 2.54 -2.54) (end -2.54 -2.54) (layer F.SilkS) (width 0.15))
    (fp_line (start -2.54 2.54) (end 2.54 2.54) (layer F.SilkS) (width 0.15))
    (pad 2 thru_hole circle (at 1.27 -1.27) (size 1 1) (drill 0.8) (layers *.Cu *.Mask)
      (net 59 ECG_4N))
    (pad 4 thru_hole circle (at 1.27 1.27) (size 1 1) (drill 0.8) (layers *.Cu *.Mask)
      (net 61 ECG_4P))
    (pad 3 thru_hole circle (at -1.27 1.27) (size 1 1) (drill 0.8) (layers *.Cu *.Mask)
      (net 30 ECG_V2))
    (pad 1 thru_hole circle (at -1.27 -1.27) (size 1 1) (drill 0.8) (layers *.Cu *.Mask)
      (net 185 "Net-(JP16-Pad2)"))
  )

  (module Jumper:Jumper2x2 (layer F.Cu) (tedit 594D38CB) (tstamp 594BF597)
    (at 99.0854 55.0164)
    (path /5921D2F3)
    (fp_text reference JP27 (at -1.778 3.937) (layer F.SilkS)
      (effects (font (size 1 1) (thickness 0.15)))
    )
    (fp_text value JP2x2 (at 0 -4.064) (layer F.Fab) hide
      (effects (font (size 1 1) (thickness 0.15)))
    )
    (fp_line (start 2.54 -2.54) (end -2.54 -2.54) (layer F.SilkS) (width 0.15))
    (fp_line (start 2.54 2.54) (end 2.54 -2.54) (layer F.SilkS) (width 0.15))
    (fp_line (start -2.54 -2.54) (end -2.54 2.54) (layer F.SilkS) (width 0.15))
    (fp_line (start 2.54 -2.54) (end -2.54 -2.54) (layer F.SilkS) (width 0.15))
    (fp_line (start -2.54 2.54) (end 2.54 2.54) (layer F.SilkS) (width 0.15))
    (pad 2 thru_hole circle (at 1.27 -1.27) (size 1 1) (drill 0.8) (layers *.Cu *.Mask)
      (net 63 ECG_3N))
    (pad 4 thru_hole circle (at 1.27 1.27) (size 1 1) (drill 0.8) (layers *.Cu *.Mask)
      (net 65 ECG_3P))
    (pad 3 thru_hole circle (at -1.27 1.27) (size 1 1) (drill 0.8) (layers *.Cu *.Mask)
      (net 21 ECG_LL))
    (pad 1 thru_hole circle (at -1.27 -1.27) (size 1 1) (drill 0.8) (layers *.Cu *.Mask)
      (net 32 ECG_RA))
  )

  (module Jumper:Jumper2x2 (layer F.Cu) (tedit 594D38D6) (tstamp 594BF5A4)
    (at 98.9965 60.0837)
    (path /5921D33F)
    (fp_text reference JP28 (at -1.778 3.81) (layer F.SilkS)
      (effects (font (size 1 1) (thickness 0.15)))
    )
    (fp_text value JP2x2 (at 0 -4.064) (layer F.Fab) hide
      (effects (font (size 1 1) (thickness 0.15)))
    )
    (fp_line (start 2.54 -2.54) (end -2.54 -2.54) (layer F.SilkS) (width 0.15))
    (fp_line (start 2.54 2.54) (end 2.54 -2.54) (layer F.SilkS) (width 0.15))
    (fp_line (start -2.54 -2.54) (end -2.54 2.54) (layer F.SilkS) (width 0.15))
    (fp_line (start 2.54 -2.54) (end -2.54 -2.54) (layer F.SilkS) (width 0.15))
    (fp_line (start -2.54 2.54) (end 2.54 2.54) (layer F.SilkS) (width 0.15))
    (pad 2 thru_hole circle (at 1.27 -1.27) (size 1 1) (drill 0.8) (layers *.Cu *.Mask)
      (net 67 ECG_2N))
    (pad 4 thru_hole circle (at 1.27 1.27) (size 1 1) (drill 0.8) (layers *.Cu *.Mask)
      (net 69 ECG_2P))
    (pad 3 thru_hole circle (at -1.27 1.27) (size 1 1) (drill 0.8) (layers *.Cu *.Mask)
      (net 14 ECG_LA))
    (pad 1 thru_hole circle (at -1.27 -1.27) (size 1 1) (drill 0.8) (layers *.Cu *.Mask)
      (net 32 ECG_RA))
  )

  (module Jumper:Jumper2x2 (layer F.Cu) (tedit 594D38DE) (tstamp 594BF5B1)
    (at 99.0854 65.4177)
    (path /5921D38F)
    (fp_text reference JP29 (at -1.778 3.937) (layer F.SilkS)
      (effects (font (size 1 1) (thickness 0.15)))
    )
    (fp_text value JP2x2 (at 0 -4.064) (layer F.Fab) hide
      (effects (font (size 1 1) (thickness 0.15)))
    )
    (fp_line (start 2.54 -2.54) (end -2.54 -2.54) (layer F.SilkS) (width 0.15))
    (fp_line (start 2.54 2.54) (end 2.54 -2.54) (layer F.SilkS) (width 0.15))
    (fp_line (start -2.54 -2.54) (end -2.54 2.54) (layer F.SilkS) (width 0.15))
    (fp_line (start 2.54 -2.54) (end -2.54 -2.54) (layer F.SilkS) (width 0.15))
    (fp_line (start -2.54 2.54) (end 2.54 2.54) (layer F.SilkS) (width 0.15))
    (pad 2 thru_hole circle (at 1.27 -1.27) (size 1 1) (drill 0.8) (layers *.Cu *.Mask)
      (net 71 ECG_1N))
    (pad 4 thru_hole circle (at 1.27 1.27) (size 1 1) (drill 0.8) (layers *.Cu *.Mask)
      (net 73 ECG_1P))
    (pad 3 thru_hole circle (at -1.27 1.27) (size 1 1) (drill 0.8) (layers *.Cu *.Mask)
      (net 22 ECG_V6))
    (pad 1 thru_hole circle (at -1.27 -1.27) (size 1 1) (drill 0.8) (layers *.Cu *.Mask)
      (net 185 "Net-(JP16-Pad2)"))
  )

  (module Jumper:Jumper2x2 (layer F.Cu) (tedit 594D3900) (tstamp 594BF57D)
    (at 99.0981 44.6786)
    (path /5921D158)
    (fp_text reference JP25 (at -1.524 3.937) (layer F.SilkS)
      (effects (font (size 1 1) (thickness 0.15)))
    )
    (fp_text value JP2x2 (at 0 -4.064) (layer F.Fab) hide
      (effects (font (size 1 1) (thickness 0.15)))
    )
    (fp_line (start 2.54 -2.54) (end -2.54 -2.54) (layer F.SilkS) (width 0.15))
    (fp_line (start 2.54 2.54) (end 2.54 -2.54) (layer F.SilkS) (width 0.15))
    (fp_line (start -2.54 -2.54) (end -2.54 2.54) (layer F.SilkS) (width 0.15))
    (fp_line (start 2.54 -2.54) (end -2.54 -2.54) (layer F.SilkS) (width 0.15))
    (fp_line (start -2.54 2.54) (end 2.54 2.54) (layer F.SilkS) (width 0.15))
    (pad 2 thru_hole circle (at 1.27 -1.27) (size 1 1) (drill 0.8) (layers *.Cu *.Mask)
      (net 70 ECG_5N))
    (pad 4 thru_hole circle (at 1.27 1.27) (size 1 1) (drill 0.8) (layers *.Cu *.Mask)
      (net 72 ECG_5P))
    (pad 3 thru_hole circle (at -1.27 1.27) (size 1 1) (drill 0.8) (layers *.Cu *.Mask)
      (net 31 ECG_V3))
    (pad 1 thru_hole circle (at -1.27 -1.27) (size 1 1) (drill 0.8) (layers *.Cu *.Mask)
      (net 185 "Net-(JP16-Pad2)"))
  )

  (module Connectors:DB15FC (layer F.Cu) (tedit 0) (tstamp 594BBD1B)
    (at 57.3405 57.912 90)
    (descr "Connecteur DB15 femelle couche")
    (tags "CONN DB15")
    (path /59470E15/594BFFB9)
    (fp_text reference J6 (at 9.65 -16.51 90) (layer F.SilkS)
      (effects (font (size 1 1) (thickness 0.15)))
    )
    (fp_text value DB15_F-RA (at 9.65 -7.62 90) (layer F.Fab)
      (effects (font (size 1 1) (thickness 0.15)))
    )
    (fp_line (start 29.46 -12.7) (end -10.16 -12.7) (layer F.Fab) (width 0.1))
    (fp_line (start 29.46 -13.97) (end -10.16 -13.97) (layer F.Fab) (width 0.1))
    (fp_line (start 23.11 -9.53) (end -3.81 -9.53) (layer F.Fab) (width 0.1))
    (fp_line (start -3.81 -19.68) (end 23.11 -19.68) (layer F.Fab) (width 0.1))
    (fp_line (start 23.11 -13.97) (end 23.11 -19.68) (layer F.Fab) (width 0.1))
    (fp_line (start 23.11 -9.53) (end 23.11 -12.7) (layer F.Fab) (width 0.1))
    (fp_line (start 23.75 -7.62) (end 23.75 -12.7) (layer F.Fab) (width 0.1))
    (fp_line (start 22.1 -7.62) (end 29.46 -7.62) (layer F.Fab) (width 0.1))
    (fp_line (start 22.1 1.27) (end 22.1 -7.62) (layer F.Fab) (width 0.1))
    (fp_line (start 29.46 1.27) (end 22.1 1.27) (layer F.Fab) (width 0.1))
    (fp_line (start 29.46 1.27) (end 29.46 -13.97) (layer F.Fab) (width 0.1))
    (fp_line (start -4.45 -12.7) (end -4.45 -7.62) (layer F.Fab) (width 0.1))
    (fp_line (start -2.54 -7.62) (end -2.54 1.27) (layer F.Fab) (width 0.1))
    (fp_line (start -10.16 1.27) (end -10.16 -12.7) (layer F.Fab) (width 0.1))
    (fp_line (start -10.16 -7.62) (end -2.54 -7.62) (layer F.Fab) (width 0.1))
    (fp_line (start -3.81 -9.53) (end -3.81 -12.7) (layer F.Fab) (width 0.1))
    (fp_line (start -3.81 -19.68) (end -3.81 -13.97) (layer F.Fab) (width 0.1))
    (fp_line (start -10.16 -13.97) (end -10.16 -12.7) (layer F.Fab) (width 0.1))
    (fp_line (start -10.16 1.27) (end -2.54 1.27) (layer F.Fab) (width 0.1))
    (fp_line (start -10.41 -19.93) (end 29.71 -19.93) (layer F.CrtYd) (width 0.05))
    (fp_line (start -10.41 -19.93) (end -10.41 1.52) (layer F.CrtYd) (width 0.05))
    (fp_line (start 29.71 1.52) (end 29.71 -19.93) (layer F.CrtYd) (width 0.05))
    (fp_line (start 29.71 1.52) (end -10.41 1.52) (layer F.CrtYd) (width 0.05))
    (pad "" thru_hole circle (at 26.42 -2.29 90) (size 3.81 3.81) (drill 3.05) (layers *.Cu *.Mask))
    (pad "" thru_hole circle (at -7.11 -2.54 90) (size 3.81 3.81) (drill 3.05) (layers *.Cu *.Mask))
    (pad 1 thru_hole rect (at 0 0 90) (size 1.52 1.52) (drill 1.02) (layers *.Cu *.Mask)
      (net 110 /ADC1298_ECG_FE/ELEC_V2))
    (pad 2 thru_hole circle (at 2.79 0 90) (size 1.52 1.52) (drill 1.02) (layers *.Cu *.Mask)
      (net 111 /ADC1298_ECG_FE/ELEC_V3))
    (pad 3 thru_hole circle (at 5.46 0 90) (size 1.52 1.52) (drill 1.02) (layers *.Cu *.Mask)
      (net 112 /ADC1298_ECG_FE/ELEC_V4))
    (pad 4 thru_hole circle (at 8.25 0 90) (size 1.52 1.52) (drill 1.02) (layers *.Cu *.Mask)
      (net 113 /ADC1298_ECG_FE/ELEC_V5))
    (pad 5 thru_hole circle (at 11.05 0 90) (size 1.52 1.52) (drill 1.02) (layers *.Cu *.Mask)
      (net 114 /ADC1298_ECG_FE/ELEC_V6))
    (pad 6 thru_hole circle (at 13.84 0 90) (size 1.52 1.52) (drill 1.02) (layers *.Cu *.Mask)
      (net 115 /ADC1298_ECG_FE/ELEC_SHD))
    (pad 7 thru_hole circle (at 16.51 0 90) (size 1.52 1.52) (drill 1.02) (layers *.Cu *.Mask)
      (net 116 "Net-(J6-Pad7)"))
    (pad 8 thru_hole circle (at 19.3 0 90) (size 1.52 1.52) (drill 1.02) (layers *.Cu *.Mask)
      (net 117 "Net-(J6-Pad8)"))
    (pad 9 thru_hole circle (at 1.57 -2.54 90) (size 1.52 1.52) (drill 1.02) (layers *.Cu *.Mask)
      (net 118 /ADC1298_ECG_FE/ELEC_RA))
    (pad 10 thru_hole circle (at 4.11 -2.54 90) (size 1.52 1.52) (drill 1.02) (layers *.Cu *.Mask)
      (net 119 /ADC1298_ECG_FE/ELEC_LA))
    (pad 11 thru_hole circle (at 6.91 -2.54 90) (size 1.52 1.52) (drill 1.02) (layers *.Cu *.Mask)
      (net 120 /ADC1298_ECG_FE/ELEC_LL))
    (pad 12 thru_hole circle (at 9.65 -2.54 90) (size 1.52 1.52) (drill 1.02) (layers *.Cu *.Mask)
      (net 121 /ADC1298_ECG_FE/ELEC_V1))
    (pad 13 thru_hole circle (at 12.4 -2.54 90) (size 1.52 1.52) (drill 1.02) (layers *.Cu *.Mask)
      (net 122 "Net-(J6-Pad13)"))
    (pad 14 thru_hole circle (at 15.19 -2.54 90) (size 1.52 1.52) (drill 1.02) (layers *.Cu *.Mask)
      (net 123 /ADC1298_ECG_FE/ELEC_RL))
    (pad 15 thru_hole circle (at 17.93 -2.54 90) (size 1.52 1.52) (drill 1.02) (layers *.Cu *.Mask)
      (net 124 "Net-(J6-Pad15)"))
    (model Connectors.3dshapes/DB15FC.wrl
      (at (xyz 0.38 0.05 0))
      (scale (xyz 1 1 1))
      (rotate (xyz 0 0 0))
    )
  )

  (module Capacitors_SMD:C_1206_HandSoldering (layer B.Cu) (tedit 58AA84D1) (tstamp 594BB883)
    (at 76.6826 59.9186 180)
    (descr "Capacitor SMD 1206, hand soldering")
    (tags "capacitor 1206")
    (path /59470E15/59455E9A)
    (attr smd)
    (fp_text reference C23 (at 0 1.75 180) (layer B.SilkS)
      (effects (font (size 1 1) (thickness 0.15)) (justify mirror))
    )
    (fp_text value 47pF (at 0 -2 180) (layer B.Fab)
      (effects (font (size 1 1) (thickness 0.15)) (justify mirror))
    )
    (fp_text user %R (at 0 1.75 180) (layer B.Fab)
      (effects (font (size 1 1) (thickness 0.15)) (justify mirror))
    )
    (fp_line (start -1.6 -0.8) (end -1.6 0.8) (layer B.Fab) (width 0.1))
    (fp_line (start 1.6 -0.8) (end -1.6 -0.8) (layer B.Fab) (width 0.1))
    (fp_line (start 1.6 0.8) (end 1.6 -0.8) (layer B.Fab) (width 0.1))
    (fp_line (start -1.6 0.8) (end 1.6 0.8) (layer B.Fab) (width 0.1))
    (fp_line (start 1 1.02) (end -1 1.02) (layer B.SilkS) (width 0.12))
    (fp_line (start -1 -1.02) (end 1 -1.02) (layer B.SilkS) (width 0.12))
    (fp_line (start -3.25 1.05) (end 3.25 1.05) (layer B.CrtYd) (width 0.05))
    (fp_line (start -3.25 1.05) (end -3.25 -1.05) (layer B.CrtYd) (width 0.05))
    (fp_line (start 3.25 -1.05) (end 3.25 1.05) (layer B.CrtYd) (width 0.05))
    (fp_line (start 3.25 -1.05) (end -3.25 -1.05) (layer B.CrtYd) (width 0.05))
    (pad 1 smd rect (at -2 0 180) (size 2 1.6) (layers B.Cu B.Paste B.Mask)
      (net 14 ECG_LA))
    (pad 2 smd rect (at 2 0 180) (size 2 1.6) (layers B.Cu B.Paste B.Mask)
      (net 7 AGND))
    (model Capacitors_SMD.3dshapes/C_1206.wrl
      (at (xyz 0 0 0))
      (scale (xyz 1 1 1))
      (rotate (xyz 0 0 0))
    )
  )

  (module Capacitors_SMD:C_1206_HandSoldering (layer F.Cu) (tedit 594E58D4) (tstamp 594BB70D)
    (at 116.0145 68.5165 270)
    (descr "Capacitor SMD 1206, hand soldering")
    (tags "capacitor 1206")
    (path /592BD338)
    (attr smd)
    (fp_text reference C1 (at -0.127 1.651 270) (layer F.SilkS)
      (effects (font (size 1 1) (thickness 0.15)))
    )
    (fp_text value 1uF (at 0 2 270) (layer F.Fab)
      (effects (font (size 1 1) (thickness 0.15)))
    )
    (fp_text user %R (at 0 -1.75 270) (layer F.Fab)
      (effects (font (size 1 1) (thickness 0.15)))
    )
    (fp_line (start -1.6 0.8) (end -1.6 -0.8) (layer F.Fab) (width 0.1))
    (fp_line (start 1.6 0.8) (end -1.6 0.8) (layer F.Fab) (width 0.1))
    (fp_line (start 1.6 -0.8) (end 1.6 0.8) (layer F.Fab) (width 0.1))
    (fp_line (start -1.6 -0.8) (end 1.6 -0.8) (layer F.Fab) (width 0.1))
    (fp_line (start 1 -1.02) (end -1 -1.02) (layer F.SilkS) (width 0.12))
    (fp_line (start -1 1.02) (end 1 1.02) (layer F.SilkS) (width 0.12))
    (fp_line (start -3.25 -1.05) (end 3.25 -1.05) (layer F.CrtYd) (width 0.05))
    (fp_line (start -3.25 -1.05) (end -3.25 1.05) (layer F.CrtYd) (width 0.05))
    (fp_line (start 3.25 1.05) (end 3.25 -1.05) (layer F.CrtYd) (width 0.05))
    (fp_line (start 3.25 1.05) (end -3.25 1.05) (layer F.CrtYd) (width 0.05))
    (pad 1 smd rect (at -2 0 270) (size 2 1.6) (layers F.Cu F.Paste F.Mask)
      (net 1 "Net-(C1-Pad1)"))
    (pad 2 smd rect (at 2 0 270) (size 2 1.6) (layers F.Cu F.Paste F.Mask)
      (net 2 AVSS))
    (model Capacitors_SMD.3dshapes/C_1206.wrl
      (at (xyz 0 0 0))
      (scale (xyz 1 1 1))
      (rotate (xyz 0 0 0))
    )
  )

  (module Capacitors_SMD:C_1206_HandSoldering (layer F.Cu) (tedit 594E58DD) (tstamp 594BB71E)
    (at 120.4595 68.6435 270)
    (descr "Capacitor SMD 1206, hand soldering")
    (tags "capacitor 1206")
    (path /592BD324)
    (attr smd)
    (fp_text reference C2 (at 0 1.7145 270) (layer F.SilkS)
      (effects (font (size 1 1) (thickness 0.15)))
    )
    (fp_text value 1uF (at 0 2 270) (layer F.Fab)
      (effects (font (size 1 1) (thickness 0.15)))
    )
    (fp_text user %R (at 0 -1.75 270) (layer F.Fab)
      (effects (font (size 1 1) (thickness 0.15)))
    )
    (fp_line (start -1.6 0.8) (end -1.6 -0.8) (layer F.Fab) (width 0.1))
    (fp_line (start 1.6 0.8) (end -1.6 0.8) (layer F.Fab) (width 0.1))
    (fp_line (start 1.6 -0.8) (end 1.6 0.8) (layer F.Fab) (width 0.1))
    (fp_line (start -1.6 -0.8) (end 1.6 -0.8) (layer F.Fab) (width 0.1))
    (fp_line (start 1 -1.02) (end -1 -1.02) (layer F.SilkS) (width 0.12))
    (fp_line (start -1 1.02) (end 1 1.02) (layer F.SilkS) (width 0.12))
    (fp_line (start -3.25 -1.05) (end 3.25 -1.05) (layer F.CrtYd) (width 0.05))
    (fp_line (start -3.25 -1.05) (end -3.25 1.05) (layer F.CrtYd) (width 0.05))
    (fp_line (start 3.25 1.05) (end 3.25 -1.05) (layer F.CrtYd) (width 0.05))
    (fp_line (start 3.25 1.05) (end -3.25 1.05) (layer F.CrtYd) (width 0.05))
    (pad 1 smd rect (at -2 0 270) (size 2 1.6) (layers F.Cu F.Paste F.Mask)
      (net 3 "Net-(C2-Pad1)"))
    (pad 2 smd rect (at 2 0 270) (size 2 1.6) (layers F.Cu F.Paste F.Mask)
      (net 2 AVSS))
    (model Capacitors_SMD.3dshapes/C_1206.wrl
      (at (xyz 0 0 0))
      (scale (xyz 1 1 1))
      (rotate (xyz 0 0 0))
    )
  )

  (module Capacitors_SMD:C_1206_HandSoldering (layer F.Cu) (tedit 58AA84D1) (tstamp 594BB72F)
    (at 116.332 43.307 270)
    (descr "Capacitor SMD 1206, hand soldering")
    (tags "capacitor 1206")
    (path /59368510)
    (attr smd)
    (fp_text reference C3 (at 0 -1.75 270) (layer F.SilkS)
      (effects (font (size 1 1) (thickness 0.15)))
    )
    (fp_text value 1uF (at 0 2 270) (layer F.Fab)
      (effects (font (size 1 1) (thickness 0.15)))
    )
    (fp_text user %R (at 0 -1.75 270) (layer F.Fab)
      (effects (font (size 1 1) (thickness 0.15)))
    )
    (fp_line (start -1.6 0.8) (end -1.6 -0.8) (layer F.Fab) (width 0.1))
    (fp_line (start 1.6 0.8) (end -1.6 0.8) (layer F.Fab) (width 0.1))
    (fp_line (start 1.6 -0.8) (end 1.6 0.8) (layer F.Fab) (width 0.1))
    (fp_line (start -1.6 -0.8) (end 1.6 -0.8) (layer F.Fab) (width 0.1))
    (fp_line (start 1 -1.02) (end -1 -1.02) (layer F.SilkS) (width 0.12))
    (fp_line (start -1 1.02) (end 1 1.02) (layer F.SilkS) (width 0.12))
    (fp_line (start -3.25 -1.05) (end 3.25 -1.05) (layer F.CrtYd) (width 0.05))
    (fp_line (start -3.25 -1.05) (end -3.25 1.05) (layer F.CrtYd) (width 0.05))
    (fp_line (start 3.25 1.05) (end 3.25 -1.05) (layer F.CrtYd) (width 0.05))
    (fp_line (start 3.25 1.05) (end -3.25 1.05) (layer F.CrtYd) (width 0.05))
    (pad 1 smd rect (at -2 0 270) (size 2 1.6) (layers F.Cu F.Paste F.Mask)
      (net 2 AVSS))
    (pad 2 smd rect (at 2 0 270) (size 2 1.6) (layers F.Cu F.Paste F.Mask)
      (net 4 "Net-(C13-Pad2)"))
    (model Capacitors_SMD.3dshapes/C_1206.wrl
      (at (xyz 0 0 0))
      (scale (xyz 1 1 1))
      (rotate (xyz 0 0 0))
    )
  )

  (module Capacitors_SMD:C_1206_HandSoldering (layer B.Cu) (tedit 58AA84D1) (tstamp 594BB740)
    (at 137.2235 60.579 90)
    (descr "Capacitor SMD 1206, hand soldering")
    (tags "capacitor 1206")
    (path /592B240F)
    (attr smd)
    (fp_text reference C4 (at 0 1.75 90) (layer B.SilkS)
      (effects (font (size 1 1) (thickness 0.15)) (justify mirror))
    )
    (fp_text value 1uF (at 0 -2 90) (layer B.Fab)
      (effects (font (size 1 1) (thickness 0.15)) (justify mirror))
    )
    (fp_text user %R (at 0 1.75 90) (layer B.Fab)
      (effects (font (size 1 1) (thickness 0.15)) (justify mirror))
    )
    (fp_line (start -1.6 -0.8) (end -1.6 0.8) (layer B.Fab) (width 0.1))
    (fp_line (start 1.6 -0.8) (end -1.6 -0.8) (layer B.Fab) (width 0.1))
    (fp_line (start 1.6 0.8) (end 1.6 -0.8) (layer B.Fab) (width 0.1))
    (fp_line (start -1.6 0.8) (end 1.6 0.8) (layer B.Fab) (width 0.1))
    (fp_line (start 1 1.02) (end -1 1.02) (layer B.SilkS) (width 0.12))
    (fp_line (start -1 -1.02) (end 1 -1.02) (layer B.SilkS) (width 0.12))
    (fp_line (start -3.25 1.05) (end 3.25 1.05) (layer B.CrtYd) (width 0.05))
    (fp_line (start -3.25 1.05) (end -3.25 -1.05) (layer B.CrtYd) (width 0.05))
    (fp_line (start 3.25 -1.05) (end 3.25 1.05) (layer B.CrtYd) (width 0.05))
    (fp_line (start 3.25 -1.05) (end -3.25 -1.05) (layer B.CrtYd) (width 0.05))
    (pad 1 smd rect (at -2 0 90) (size 2 1.6) (layers B.Cu B.Paste B.Mask)
      (net 5 AVDD))
    (pad 2 smd rect (at 2 0 90) (size 2 1.6) (layers B.Cu B.Paste B.Mask)
      (net 2 AVSS))
    (model Capacitors_SMD.3dshapes/C_1206.wrl
      (at (xyz 0 0 0))
      (scale (xyz 1 1 1))
      (rotate (xyz 0 0 0))
    )
  )

  (module Capacitors_SMD:C_1206_HandSoldering (layer B.Cu) (tedit 58AA84D1) (tstamp 594BB751)
    (at 132.0165 48.7045 180)
    (descr "Capacitor SMD 1206, hand soldering")
    (tags "capacitor 1206")
    (path /592B2595)
    (attr smd)
    (fp_text reference C5 (at 0 1.75 180) (layer B.SilkS)
      (effects (font (size 1 1) (thickness 0.15)) (justify mirror))
    )
    (fp_text value 1uF (at 0 -2 180) (layer B.Fab)
      (effects (font (size 1 1) (thickness 0.15)) (justify mirror))
    )
    (fp_text user %R (at 0 1.75 180) (layer B.Fab)
      (effects (font (size 1 1) (thickness 0.15)) (justify mirror))
    )
    (fp_line (start -1.6 -0.8) (end -1.6 0.8) (layer B.Fab) (width 0.1))
    (fp_line (start 1.6 -0.8) (end -1.6 -0.8) (layer B.Fab) (width 0.1))
    (fp_line (start 1.6 0.8) (end 1.6 -0.8) (layer B.Fab) (width 0.1))
    (fp_line (start -1.6 0.8) (end 1.6 0.8) (layer B.Fab) (width 0.1))
    (fp_line (start 1 1.02) (end -1 1.02) (layer B.SilkS) (width 0.12))
    (fp_line (start -1 -1.02) (end 1 -1.02) (layer B.SilkS) (width 0.12))
    (fp_line (start -3.25 1.05) (end 3.25 1.05) (layer B.CrtYd) (width 0.05))
    (fp_line (start -3.25 1.05) (end -3.25 -1.05) (layer B.CrtYd) (width 0.05))
    (fp_line (start 3.25 -1.05) (end 3.25 1.05) (layer B.CrtYd) (width 0.05))
    (fp_line (start 3.25 -1.05) (end -3.25 -1.05) (layer B.CrtYd) (width 0.05))
    (pad 1 smd rect (at -2 0 180) (size 2 1.6) (layers B.Cu B.Paste B.Mask)
      (net 6 DVDD))
    (pad 2 smd rect (at 2 0 180) (size 2 1.6) (layers B.Cu B.Paste B.Mask)
      (net 7 AGND))
    (model Capacitors_SMD.3dshapes/C_1206.wrl
      (at (xyz 0 0 0))
      (scale (xyz 1 1 1))
      (rotate (xyz 0 0 0))
    )
  )

  (module Capacitors_SMD:C_1206_HandSoldering (layer B.Cu) (tedit 58AA84D1) (tstamp 594BB762)
    (at 143.129 60.5155 90)
    (descr "Capacitor SMD 1206, hand soldering")
    (tags "capacitor 1206")
    (path /592D3586)
    (attr smd)
    (fp_text reference C6 (at 0 1.75 90) (layer B.SilkS)
      (effects (font (size 1 1) (thickness 0.15)) (justify mirror))
    )
    (fp_text value 1uF (at 0 -2 90) (layer B.Fab)
      (effects (font (size 1 1) (thickness 0.15)) (justify mirror))
    )
    (fp_text user %R (at 0 1.75 90) (layer B.Fab)
      (effects (font (size 1 1) (thickness 0.15)) (justify mirror))
    )
    (fp_line (start -1.6 -0.8) (end -1.6 0.8) (layer B.Fab) (width 0.1))
    (fp_line (start 1.6 -0.8) (end -1.6 -0.8) (layer B.Fab) (width 0.1))
    (fp_line (start 1.6 0.8) (end 1.6 -0.8) (layer B.Fab) (width 0.1))
    (fp_line (start -1.6 0.8) (end 1.6 0.8) (layer B.Fab) (width 0.1))
    (fp_line (start 1 1.02) (end -1 1.02) (layer B.SilkS) (width 0.12))
    (fp_line (start -1 -1.02) (end 1 -1.02) (layer B.SilkS) (width 0.12))
    (fp_line (start -3.25 1.05) (end 3.25 1.05) (layer B.CrtYd) (width 0.05))
    (fp_line (start -3.25 1.05) (end -3.25 -1.05) (layer B.CrtYd) (width 0.05))
    (fp_line (start 3.25 -1.05) (end 3.25 1.05) (layer B.CrtYd) (width 0.05))
    (fp_line (start 3.25 -1.05) (end -3.25 -1.05) (layer B.CrtYd) (width 0.05))
    (pad 1 smd rect (at -2 0 90) (size 2 1.6) (layers B.Cu B.Paste B.Mask)
      (net 5 AVDD))
    (pad 2 smd rect (at 2 0 90) (size 2 1.6) (layers B.Cu B.Paste B.Mask)
      (net 2 AVSS))
    (model Capacitors_SMD.3dshapes/C_1206.wrl
      (at (xyz 0 0 0))
      (scale (xyz 1 1 1))
      (rotate (xyz 0 0 0))
    )
  )

  (module Capacitors_SMD:C_1206_HandSoldering (layer F.Cu) (tedit 594E5BCD) (tstamp 594BB773)
    (at 96.7105 94.6785 270)
    (descr "Capacitor SMD 1206, hand soldering")
    (tags "capacitor 1206")
    (path /592B6790)
    (attr smd)
    (fp_text reference C7 (at 0 1.651 270) (layer F.SilkS)
      (effects (font (size 1 1) (thickness 0.15)))
    )
    (fp_text value 1uF (at 0 2 270) (layer F.Fab)
      (effects (font (size 1 1) (thickness 0.15)))
    )
    (fp_text user %R (at 0 -1.75 270) (layer F.Fab)
      (effects (font (size 1 1) (thickness 0.15)))
    )
    (fp_line (start -1.6 0.8) (end -1.6 -0.8) (layer F.Fab) (width 0.1))
    (fp_line (start 1.6 0.8) (end -1.6 0.8) (layer F.Fab) (width 0.1))
    (fp_line (start 1.6 -0.8) (end 1.6 0.8) (layer F.Fab) (width 0.1))
    (fp_line (start -1.6 -0.8) (end 1.6 -0.8) (layer F.Fab) (width 0.1))
    (fp_line (start 1 -1.02) (end -1 -1.02) (layer F.SilkS) (width 0.12))
    (fp_line (start -1 1.02) (end 1 1.02) (layer F.SilkS) (width 0.12))
    (fp_line (start -3.25 -1.05) (end 3.25 -1.05) (layer F.CrtYd) (width 0.05))
    (fp_line (start -3.25 -1.05) (end -3.25 1.05) (layer F.CrtYd) (width 0.05))
    (fp_line (start 3.25 1.05) (end 3.25 -1.05) (layer F.CrtYd) (width 0.05))
    (fp_line (start 3.25 1.05) (end -3.25 1.05) (layer F.CrtYd) (width 0.05))
    (pad 1 smd rect (at -2 0 270) (size 2 1.6) (layers F.Cu F.Paste F.Mask)
      (net 8 "Net-(C7-Pad1)"))
    (pad 2 smd rect (at 2 0 270) (size 2 1.6) (layers F.Cu F.Paste F.Mask)
      (net 2 AVSS))
    (model Capacitors_SMD.3dshapes/C_1206.wrl
      (at (xyz 0 0 0))
      (scale (xyz 1 1 1))
      (rotate (xyz 0 0 0))
    )
  )

